camera_matrix:
- [989.5689274500862, 0.0, 621.6749561947778]
- [0.0, 991.3747399169226, 349.23508137519156]
- [0.0, 0.0, 1.0]
dist_coeff:
- [0.10001193376964483, -0.057956886731444134, -0.0003533551314810411, -0.0032062507042155564,
  -0.4639371587334679]
